114.622765
114.80162
111.413406
109.63485
106.157211
109.376511
111.095444
106.435432
107.528404
111.562439
114.225311
113.360878
115.069893
116.043625
112.297722
115.755478
112.436829
114.344559
114.23526
116.222473
123.604996
120.326073
120.415512
119.938568
118.259369
115.2388
116.759033
116.123123
115.010269
114.304817
114.314751
115.854843
110.489349
114.583023
108.164307
108.074883
109.734207
114.215385
118.26931
118.134956
115.776031
115.427666
118.931198
118.652512
118.702278
119.737419
118.831673
117.478035
118.085182
116.79126
113.317581
114.631409
115.487389
116.044762
118.493263
122.146103
122.504417
122.365074
121.678307
123.171288
123.79834
121.210495
122.663666
121.837555
121.210495
127.28196
127.212296
128.098129
126.06768
127.630325
131.26326
130.347565
131.352829
136.050766
134.239273
133.09465
132.069473
128.804825
130.397324
126.007957
130.307755
131.432465
128.376831
128.197662
130.277893
128.307175
126.545425
127.232201
131.412567
136.229919
138.419647
142.251633
142.490524
141.39566
136.448898
131.34288
133.51268
134.358719
133.313644
136.747498
136.323837
136.473373
135.576233
134.958206
134.699051
134.938263
132.765244
130.422729
129.296326
129.455826
125.598167
125.458611
124.950233
120.604141
120.873283
127.382462
124.72097
121.670723
119.74688
121.032768
115.988907
120.703819
119.597374
121.571045
120.644012
123.594574
125.169533
124.362122
120.145607
119.60733
122.99649
122.1492
119.707008
120.205414
120.823441
121.002861
119.517616
121.760445
122.607727
125.498489
125.807495
127.492104
129.94426
132.575836
130.821457
134.001266
131.608932
134.07106
133.732147
134.409958
132.685501
133.074234
131.519226
133.891632
134.290359
133.961395
133.153992
133.054306
131.040756
132.117294
127.442261
127.691475
129.326233
130.015213
126.660225
125.721642
122.586334
124.783043
127.259331
126.081093
124.663223
124.503464
127.119537
125.242355
126.909851
126.710159
126.660225
125.092575
124.423584
124.09407
124.872902
123.355186
125.701668
125.711655
126.550392
126.939812
125.921341
127.159477
130.28479
129.44606
129.955292
131.592834
130.264832
132.102081
133.779556
133.499985
133.210419
132.910873
134.578369
136.126053
136.755112
137.064651
139.750626
141.807541
144.353729
143.025711
144.892914
144.283829
145.422119
148.926865
148.257874
146.17099
142.236893
145.931351
145.18248
146.580383
148.337753
148.76712
146.55043
144.763107
145.422119
145.641785
145.302307
147.139542
146.730164
146.839996
146.139999
146.089996
145.600006
145.860001
148.889999
149.100006
151.119995
150.190002
146.360001
146.699997
148.190002
149.710007
149.619995
148.360001
147.539993
148.600006
153.119995
151.830002
152.509995
153.649994
154.300003
156.690002
155.110001
154.070007
148.970001
149.960007
