25.228003
24.767532
25.081045
24.836113
24.698948
23.973949
23.454697
22.788481
22.866859
23.013819
23.601652
23.288143
23.601652
23.611452
23.719223
24.120911
23.875978
24.375639
24.72834
24.845909
25.159422
24.444223
23.141184
23.660439
23.748615
23.239153
23.65064
23.562466
24.365843
24.395233
24.042532
23.36652
22.994221
23.062805
23.219561
23.591858
24.189493
23.199968
24.111115
23.817194
27.197256
27.099283
26.785772
26.148949
26.452663
27.020908
26.991514
26.433067
26.433067
26.266514
26.834757
28.392525
28.441513
28.402325
27.589148
28.108404
28.470903
28.500479
28.875095
28.677927
28.520195
28.392036
28.697645
28.165293
27.82025
28.234303
28.313169
28.421612
28.26388
29.31872
28.796228
29.624329
29.535604
29.703196
29.584896
29.555321
29.880646
29.604614
29.831354
31.694584
32.394527
32.069199
32.601551
33.183193
32.986027
33.508518
32.542397
32.305801
31.881891
31.319965
31.103081
30.718605
30.501724
29.407446
29.890505
29.229996
29.535604
30.59045
31.132656
32.039627
31.911465
32.621265
32.483253
32.512825
32.414242
32.897301
33.784557
33.922569
33.705685
34.050728
34.652088
35.016846
35.864662
35.421036
34.218319
35.283024
35.026703
35.904095
36.161686
36.587704
36.785851
35.983356
37.023621
36.894829
37.588341
37.400101
37.291119
37.598248
38.579071
38.172871
37.310932
36.557983
36.557983
37.310932
38.321484
37.95491
38.628609
38.33139
39.123974
39.431099
39.322121
39.678783
39.332027
39.619339
39.68869
38.955547
39.510361
38.380928
38.787125
38.806938
37.727043
38.361115
38.004448
38.816845
39.044712
39.510361
39.658966
40.728958
40.154335
40.184059
40.619976
41.006363
41.620613
41.78904
41.660244
41.184696
40.798309
41.45219
41.967373
42.343849
41.769222
41.580986
41.481911
42.007004
42.234871
41.620613
41.650337
42.155609
41.997093
42.522179
42.541992
43.029495
43.049397
42.900158
42.661385
42.104237
41.477448
41.646584
41.149132
41.178978
41.407806
39.597084
38.582287
39.54734
39.76622
39.995049
40.621838
41.407806
41.348114
40.68153
41.019794
41.328217
40.940205
39.865707
39.54734
38.582287
39.835865
40.422855
39.65678
38.66188
38.632034
37.726669
36.741718
37.497841
38.263916
37.766464
37.507793
37.9356
37.786366
37.9356
38.482796
38.164429
37.766464
38.353458
38.074886
38.821064
39.945305
40.46265
41.218777
41.736126
41.935108
41.417759
41.079491
40.880508
40.582039
39.985096
40.164177
40.701427
41.26852
41.935108
41.825668
42.273373
41.447601
41.537144
40.98
41.02
41.049999
41.32
40.779999
40.93
40.27
40.68
