133.349411
131.124786
129.884521
127.886307
129.313583
128.073318
125.592751
125.533707
127.098808
125.87822
126.872414
130.110901
130.061707
132.020538
131.341339
131.301971
130.209351
128.509201
130.219223
130.841949
132.393845
131.57341
132.463028
133.570099
135.092316
134.173065
134.262024
134.054428
137.82045
138.482742
138.186203
138.097229
138.166412
138.186203
137.761139
137.711731
138.542023
138.986832
138.097229
139.164749
139.570023
138.057693
138.285034
136.318008
136.782578
136.298248
138.018158
138.294922
140.479401
139.095581
138.976944
139.969284
139.125809
139.741058
138.480789
134.898438
137.180832
138.451019
137.825836
140.822708
140.832611
141.328781
140.663925
140.673843
141.24939
141.080704
140.604401
140.941788
140.574615
140.266998
140.515076
140.763168
139.820419
138.758636
138.014389
138.808258
139.671585
139.483047
138.927338
136.099152
136.664795
134.134338
135.354919
135.980087
134.918289
135.861008
137.468597
137.041901
136.248016
139.939529
138.252548
139.036484
138.867798
138.639557
138.520477
139.225052
138.976959
139.502884
140.465454
140.574615
140.475388
140.147903
140.78299
140.088364
140.187607
141.338715
141.537186
141.547104
140.971558
141.150177
141.457794
141.130325
142.718079
141.745575
144.375275
144.117264
144.464584
147.540817
148.860626
148.462234
148.930359
150.145462
150.095657
148.50209
149.508026
150.842651
149.846664
148.302872
148.36264
146.759109
145.932434
147.107697
147.506088
147.187378
147.964249
148.651474
146.679428
146.868668
145.832825
145.304947
144.478271
143.721329
143.970322
144.448395
144.149597
142.167587
142.446472
142.117783
142.197464
142.595856
141.67955
139.936569
139.876816
138.82106
136.500412
135.185684
136.072128
137.068115
138.681625
139.099945
138.970459
138.82106
137.815109
139.309082
139.986374
141.111832
144.109772
145.414505
146.221252
147.745117
149.458221
148.153488
146.93837
147.854675
148.820801
149.189301
149.119598
149.577744
150.67334
149.627548
148.671402
149.189301
147.844727
147.90448
147.16745
146.320862
142.595856
141.370789
142.585907
141.818985
144.199402
145.225266
145.952332
144.318909
142.058029
140.066055
136.590042
134.926743
136.958557
138.442581
137.994385
136.599991
138.5
141.029999
143.570007
144.940002
145.770004
143.339996
138.75
139.199997
139.619995
139.800003
139.490005
140.759995
142.779999
142.710007
143.169998
144.690002
144.649994
142
143.919998
143.520004
144.889999
144.610001
144.199997
143.440002
145.470001
145.059998
142.520004
143.940002
141.220001
140.190002
140.199997
137.149994
135.75
135.839996
137.520004
139.809998
140.910004
140.850006
140.990005
139.330002
137.960007
137.990005
137.690002
136.080002
135.330002
133.949997
134.369995
133.529999
138.880005
137.990005
136.449997
135.929993
