410.940002
408.170013
413.125
438.730011
468.470001
492.600006
500.529999
464.980011
496.5
487.660004
465.5
470.109985
482.98999
482.230011
485.369995
478.25
480.609985
478.549988
492.410004
491.540009
518.789978
509.25
536.400024
559
568.340027
537.02002
513.190002
520.539978
511.519989
517.789978
538.98999
516.01001
489.679993
460.910004
453
451.51001
483.700012
496.730011
500.109985
413.23999
376.01001
413.339996
428.640015
403.579987
399.149994
401.630005
415.040009
414.290009
439.600006
430.279999
427.549988
443.720001
471.609985
478.359985
406.309998
412.859985
413.540009
410.01001
407.850006
412
385.359985
397.959991
397.01001
395.98999
399.429993
404
401.619995
406.01001
408.970001
409
383.880005
375.170013
351.390015
353.75
353.399994
337.320007
359.980011
360.829987
344.410004
342.5
349.609985
337.709991
356.809998
364.630005
383.23999
384.529999
393.869995
382.799988
382.809998
383.399994
391.829987
374.390015
370.73999
378.589996
372.070007
381.929993
391.839996
380.470001
389.980011
419.589996
410.809998
430.029999
431
432.769989
433.109985
444.51001
429.420013
417.910004
417.26001
394.339996
388.160004
385.230011
364.730011
373.609985
409.660004
372.790009
341.570007
343.089996
337.429993
310.929993
342.109985
336.029999
355.170013
346.390015
350
335.079987
336.649994
316.320007
326.26001
328.5
339.76001
314.959991
314.850006
319.950012
308.390015
313.190002
321.290009
326.230011
323.959991
329.790009
323.079987
331.279999
322.649994
321.51001
342.75
329.200012
332.380005
329.950012
324.329987
321.779999
322.76001
328.320007
336.880005
336.420013
333.48999
331.25
321.100006
319.570007
313.920013
304.850006
297.589996
293.049988
295.23999
288.48999
300.25
289.700012
290.160004
307.890015
308.929993
312.859985
310.459991
324.709991
316.399994
321.559998
321.279999
326.049988
326.429993
331.529999
327.720001
327.109985
319.01001
336
342.660004
341.26001
333.630005
346.5
366.399994
365.910004
359
361.829987
372.950012
374.23999
369.25
374.649994
376.920013
373.399994
372.470001
388.859985
394.730011
387.029999
386.480011
388.890015
401.119995
393.910004
386.01001
385.079987
379.119995
378.390015
360.609985
356.809998
361.970001
354.200012
355.809998
352.970001
361.390015
359.230011
373.140015
367.540009
369.48999
386.019989
378.100006
378.959991
374.880005
400.579987
398.679993
383.470001
383.339996
372.549988
358.559998
362.859985
355.23999
348.410004
345.540009
340.929993
332.380005
336.859985
341.299988
340.25
337.73999
340.630005
340.809998
347.5
289.5
290.859985
295.089996
298.290009
299.959991
293.600006
295.859985
301.5
290.23999
281.440002
279.269989
