55.595886
54.202213
54.662643
56.194942
56.207317
55.548851
56.199894
56.957375
58.472343
58.38818
58.252033
58.016861
58.24213
58.521858
59.536781
59.400635
60.197727
60.296741
61.039375
61.65081
60.224953
60.217525
61.579021
63.326683
63.742554
63.65097
63.678192
64.413116
64.589409
65.100876
65.041283
65.66449
65.210121
65.984779
66.31749
66.116371
65.346687
65.053703
64.996597
66.13623
65.619789
66.501213
66.354729
65.587517
64.418091
64.986664
65.940086
67.213799
66.272789
66.660126
67.228699
67.400017
68.316193
69.485619
69.622192
69.455833
69.525352
69.381348
70.513535
70.580566
71.980911
71.953598
72.380653
72.9095
74.573036
73.84803
74.43647
74.086395
75.27816
76.877136
77.050926
78.697075
77.634407
77.301704
78.27002
79.136551
78.60025
78.880821
79.260696
79.032265
76.708298
78.878326
80.529434
80.412743
76.847343
76.636299
79.166336
79.811897
80.745445
79.647896
80.026192
79.543365
81.43235
80.852463
80.872375
79.391556
80.541367
79.715088
77.910744
74.209946
71.696297
72.833664
68.072662
68.032837
74.366737
72.004913
75.344826
72.900864
71.932739
66.243423
71.014381
68.548012
61.77858
69.180161
60.280346
62.930878
61.390331
60.919952
57.052418
55.840385
61.442596
61.104122
64.319611
61.656628
63.416183
63.28677
59.956806
60.957287
60.081242
65.322578
64.565994
66.218536
66.696373
68.00547
71.439957
70.787903
71.350365
70.382233
68.921326
66.790947
68.71476
68.448463
70.424545
70.474319
69.33197
71.6092
73.119873
71.942688
72.960594
74.055649
74.819695
75.593697
77.39296
78.610764
77.712387
76.774071
77.245728
76.789047
78.598282
78.144112
79.663872
79.069939
79.579025
79.039993
79.384369
79.419304
79.341949
80.317688
80.689514
81.133713
80.434975
82.725845
83.214958
85.84272
88.051239
83.82386
84.547554
85.59317
87.86158
87.739304
87.774246
87.272644
89.55603
91.467583
89.852997
91.045845
88.24839
90.282219
91.035858
90.86367
90.86367
93.294289
93.004814
95.170906
95.58017
95.747368
95.305664
96.88282
97.549118
96.348778
96.154129
98.180481
96.825424
97.097435
92.677902
92.448311
94.639359
93.084671
94.86895
96.016884
106.068756
108.74144
109.467628
109.86441
113.697502
111.112503
112.727501
109.375
113.010002
115.010002
114.907501
114.607498
115.5625
115.707497
118.275002
124.370003
125.857498
124.824997
126.522499
125.010002
124.807503
129.039993
134.179993
131.399994
120.879997
120.959999
112.82
117.32
113.489998
112
115.360001
115.540001
112.129997
110.339996
106.839996
110.080002
111.809998
107.120003
108.220001
112.279999
114.959999
114.089996