3.7
3.56
3.39
3.47
3.6
3.83
3.63
3.77
3.96
3.92
3.7
4.23
4.14
3.98
4.59
4.37
4.23
3.77
4.19
3.76
3.81
4.16
4.17
4.41
4.22
3.65
3.5
3.25
2.85
2.8
3.09
3.27
3.41
3.89
4.74
5.95
5.27
5.03
4.88
5.61
4.78
4.89
4.7
4.77
5.82
5.64
6.04
5.73
6.05
5.48
5.39
4.93
4.87
4.98
4.76
4.54
4.21
4.13
4.22
4.58
4.44
4.43
4.44
4.18
4.42
4.69
4.33
4.06
4.13
4.18
4.44
4.47
4.14
5.01
4.96
5.07
4.37
4.72
4.69
4.64
4.76
4.95
4.88
4.87
4.83
4.41
4.46
4.35
4.38
4.34
4.44
4.29
4.24
4.09
4.26
4.21
4.34
4.26
4.08
4.19
4.17
3.96
3.85
4.01
4.11
4.11
4.03
4.01
3.94
4.06
4.1
4.01
4.15
4.43
4.63
4.43
4.16
4.33
4.35
4.52
4.64
4.75
4.63
4.81
4.72
4.61
5.03
4.87
4.98
5.11
5.25
5.39
6.68
7.65
7.71
7.82
7.65
7.7
7.35
6.23
6.09
6.91
7.09
8.68
9.2
9.47
8.75
10.56
10.04
9.14
10.02
10.09
10.35
10.2
9.77
9.39
9.46
9.13
9.36
13.49
12.02
11.8
11.88
12.25
13.83
13.31
13.91
13.86
14.1
14.91
15
13.45
12.69
11.82
11.73
10.47
10.75
11.57
10.91
11.45
11.86
11.49
11.1
11.75
11.13
11.01
12.06
11.63
11.57
12.46
12.71
13.9
13.67
14.75
16.08
16.559999
15.8
16.58
16.120001
16.9
16.35
16.940001
13.66
14.12
13.31
12.72
13.85
13.85
14.83
15.63
15.53
19.459999
20.57
20.15
20.99
19.379999
19.26
18.84
17.25
17.370001
18.360001
18.08
17.690001
19.940001
19.950001
31.4
39.91
35.5
39.360001
39.119999
43.029999
65.010002
76.790001
147.979996
347.51001
193.600006
325
225
90
92.410004
53.5
63.77
60
50.310001
51.200001
51.099998
52.400002
49.509998
45.939999
40.689999
40.59
46
44.970001
91.699997
