48.680988
48.584049
48.458031
48.496807
48.099365
48.710064
48.458031
49.126884
48.971794
48.273853
48.370792
46.490246
46.548405
46.587181
47.130016
47.837639
47.663162
47.924885
47.934582
50.958969
52.325756
51.938019
51.385483
51.812
52.199741
52.034954
50.997746
51.501808
51.055901
51.065594
51.58905
51.307934
51.084988
50.410885
50.840744
50.909134
51.56369
52.609035
51.768856
51.954475
52.101017
51.827469
52.12056
52.0424
52.599262
51.837238
52.0424
52.501572
51.593002
51.544151
51.856781
52.208481
52.911888
52.88258
53.185436
53.576218
51.544151
50.977516
49.355778
48.808674
49.90287
49.043148
48.955223
49.00407
48.095501
47.577713
47.39209
47.558174
47.821953
47.372555
47.655869
48.154118
47.411633
48.017345
47.04039
47.362782
47.831722
47.646103
47.880573
48.505825
48.7696
48.554672
48.45697
49.140842
49.521854
49.111534
48.974758
49.600014
48.955223
49.463238
49.375313
49.541393
49.013836
47.861034
48.750061
48.94545
48.828217
48.789139
49.619553
50.449959
49.687939
50.25457
49.707478
49.608971
50.268974
50.456142
50.475845
49.815834
50.052258
50.239422
50.623604
50.751667
51.244213
52.249001
53.046921
52.357361
51.92392
51.726902
52.02243
52.396763
52.48542
52.327805
52.386909
52.554379
52.298256
52.288406
52.534679
52.879459
53.194683
53.362144
53.795586
53.62812
53.657673
52.859753
52.780949
52.790798
53.450806
53.174984
53.667526
53.332592
53.194683
53.726631
53.697075
54.09111
53.509911
53.234089
53.697075
53.913795
53.825142
53.529613
53.362144
53.834991
53.805435
53.98275
53.972904
54.209324
54.662464
54.465446
54.455593
54.672314
54.810226
55.401279
55.204258
54.820076
54.652611
55.076199
55.322472
55.133896
54.994946
54.260487
54.538391
53.367229
53.952808
54.151314
53.714607
53.982582
53.913109
53.853558
53.456554
53.704681
53.555805
53.774158
53.476406
53.913109
53.724533
54.052059
54.071911
54.607864
55.838573
56.017227
55.977531
55.312546
55.4118
56.126404
56.047005
56.582958
56.632587
56.831085
56.314983
56.622658
56.602806
56.453934
56.493629
55.679775
56.076778
56.215729
56.225658
56.374531
56.305058
56.414234
56.801311
57.049438
56.850937
56.076778
56.434082
56.215729
56.017227
55.590446
55.650002
55.12397
55.233147
55.759178
55.888203
56.265354
56.344757
56.305058
55.252995
55.997375
55.441574
55.193447
55.650002
55.689999
55.880001
55.349998
54.439999
54.060001
54.049999
54.130001
54.040001
53.889999
53.610001
52.639999
52.959999
52.470001
53.02
52.990002
53.080002
53.709999
53.880001
54.119999
54.23
54.23
54.165901
