139.414505
138.423828
137.365143
137.656525
135.665436
135.694595
135.587769
135.597458
135.548904
134.09201
135.121536
130.313812
130.138992
129.459091
131.265625
133.101334
133.897751
134.082306
134.402817
134.47081
137.64682
139.76416
139.705872
140.550903
141.570709
141.065643
139.259109
139.200836
139.297958
138.909454
139.890427
140.016693
140.444061
140.084671
141.871796
140.46347
141.297852
142.667297
142.197769
142.344498
142.510803
141.513062
141.806519
141.082642
141.61087
141.728256
142.530365
143.723724
142.227112
140.877258
141.258743
141.894531
143.704178
144.203049
144.095444
145.063843
141.12178
141.542389
139.81102
139.361053
141.033737
138.989349
138.34375
139.478439
138.66655
138.304626
138.959991
138.245941
136.563477
135.56572
137.121033
138.705673
135.027725
136.152649
133.589828
133.990875
135.360321
135.008179
136.631927
137.884018
137.336227
136.553711
134.695129
132.024719
130.948715
131.447601
131.525864
132.416
129.618393
129.109772
129.882507
129.207565
127.163185
126.370857
127.769646
128.209839
126.321938
127.024956
131.166107
130.278717
130.397034
131.708389
131.353439
131.175949
131.166107
132.13237
131.747849
130.673111
132.615509
135.869278
137.506027
136.865112
137.67363
140.700623
142.781052
140.542862
139.468124
139.300507
141.154175
141.657028
141.400681
140.542862
140.572449
141.016144
141.045715
140.118896
140.316086
142.140167
142.721893
143.668457
144.920654
144.023407
143.786758
141.351379
140.887955
139.842819
141.923248
142.140167
143.747314
141.942963
141.873947
143.520554
143.520554
144.664291
143.609268
142.209183
144.319199
144.536118
144.121994
143.471252
143.392365
145.16716
145.038986
145.778473
146.222153
146.222153
144.45723
145.867203
145.561554
146.14328
146.664703
146.833542
146.744171
145.37355
145.105408
146.595184
146.68457
147.558594
147.568512
146.098602
147.508926
144.430023
145.562256
145.780762
143.863907
144.678329
145.413284
146.038986
145.939682
147.161301
147.191101
147.896271
148.114777
148.770264
148.839798
148.462387
148.492172
151.918701
153.48793
154.1931
154.759232
154.739365
154.759232
154.183182
154.133514
156.109955
156.000717
156.864792
155.424667
155.742477
155.881531
155.255829
155.603439
153.001282
153.259506
153.279373
153.29924
153.378677
153.984528
154.014343
155.454468
156.974045
156.825058
155.216095
157.828201
157.272003
156.775406
154.828751
154.143448
153.577332
153.885223
154.938004
155.325348
156.835007
156.949997
157.089996
154.529999
156.720001
155.729996
155.460007
155.759995
155.149994
156.020004
155.559998
154.130005
153.610001
153.539993
154.009995
154.130005
154.199997
152.720001
151.050003
152.300003
150.410004
150.949997
150.199997
151.089996
154.960007
156.389999
156.029999
156.240005
156.929993
157.029999
